{
  "last_updated": "2026-02-13T01:20:53.928449",
  "tickersOrder": [
    "Stk_JP_Topix",
    "Stk_JP_Nikkei",
    "Stk_JP_HighDiv",
    "Stk_JP_JPX400",
    "Bnd_JP",
    "Reit_JP",
    "Stk_AllCountry",
    "Stk_SP500",
    "Stk_Nasdaq",
    "Stk_NYDow",
    "Stk_Kokusai",
    "Stk_US_HighDiv",
    "Stk_FangPlus",
    "Stk_Emerging",
    "Stk_India",
    "Bnd_US_Short",
    "Bnd_US_Agg",
    "Bnd_US_20y",
    "Bnd_US_HighYld",
    "Reit_Global",
    "Cmdty_Gold",
    "Cmdty_Silver",
    "Cmdty_Oil",
    "Crypto_BTC"
  ],
  "periods": {
    "1y": {
      "assets": [
        {
          "name": "Stk_JP_Topix",
          "return": 0.5343902105639022,
          "risk": 0.08448117157245982
        },
        {
          "name": "Stk_JP_Nikkei",
          "return": 0.7069246916722136,
          "risk": 0.1838878117184729
        },
        {
          "name": "Stk_JP_HighDiv",
          "return": 0.5434588638179703,
          "risk": 0.13819713674840722
        },
        {
          "name": "Stk_JP_JPX400",
          "return": 0.4778164089519239,
          "risk": 0.10813375654348194
        },
        {
          "name": "Bnd_JP",
          "return": -0.05114730020746194,
          "risk": 0.029801257960485588
        },
        {
          "name": "Reit_JP",
          "return": 0.2512760036242332,
          "risk": 0.06397094515127551
        },
        {
          "name": "Stk_AllCountry",
          "return": 0.334102803259376,
          "risk": 0.11456508806376878
        },
        {
          "name": "Stk_SP500",
          "return": 0.3004416125076943,
          "risk": 0.1374933524192803
        },
        {
          "name": "Stk_Nasdaq",
          "return": 0.35065551654618554,
          "risk": 0.17420900735336847
        },
        {
          "name": "Stk_NYDow",
          "return": 0.25586148649614304,
          "risk": 0.13246026512828527
        },
        {
          "name": "Stk_Kokusai",
          "return": 0.3819939391755893,
          "risk": 0.06425832287044356
        },
        {
          "name": "Stk_US_HighDiv",
          "return": 0.23333135118991222,
          "risk": 0.1171592001369541
        },
        {
          "name": "Stk_FangPlus",
          "return": 0.2827980903302807,
          "risk": 0.23725756133521014
        },
        {
          "name": "Stk_Emerging",
          "return": 0.507386908550469,
          "risk": 0.1356459941975512
        },
        {
          "name": "Stk_India",
          "return": 0.07689927111424266,
          "risk": 0.13265524107614524
        },
        {
          "name": "Bnd_US_Short",
          "return": 0.06378889028149892,
          "risk": 0.07859732016946375
        },
        {
          "name": "Bnd_US_Agg",
          "return": 0.08169352441133171,
          "risk": 0.08463385509382473
        },
        {
          "name": "Bnd_US_20y",
          "return": 0.038638132621295895,
          "risk": 0.12258912836279566
        },
        {
          "name": "Bnd_US_HighYld",
          "return": 0.11167552676535109,
          "risk": 0.08767813937146317
        },
        {
          "name": "Reit_Global",
          "return": 0.1979419941695666,
          "risk": 0.09887506920362489
        },
        {
          "name": "Cmdty_Gold",
          "return": 0.7323528830304511,
          "risk": 0.14299409572705024
        },
        {
          "name": "Cmdty_Silver",
          "return": 1.507512139135419,
          "risk": 0.3692685857916994
        },
        {
          "name": "Cmdty_Oil",
          "return": 0.01698928481691464,
          "risk": 0.34618724410889495
        },
        {
          "name": "Crypto_BTC",
          "return": -0.1921379733186176,
          "risk": 0.37507982931468864
        }
      ],
      "covarianceMatrix": [
        [
          0.007137068350255393,
          0.010861393890704936,
          0.00707480394153409,
          0.008739413173976808,
          0.0001416093668031663,
          -0.00043122234042565,
          0.0023955578595154744,
          0.0025591170966354276,
          0.001469423590413535,
          0.004751398102879801,
          0.002863925332519957,
          0.0028596775216135515,
          -0.0023882959258948165,
          0.004283720612894216,
          0.0023662626932591077,
          0.001298669815249556,
          0.0016800916420462728,
          0.003219661233660651,
          0.0012986996123093464,
          0.005222383358435065,
          0.0026462427193139617,
          -0.012019950874266407,
          0.007524475647939974,
          -0.00944860004564419
        ],
        [
          0.010861393890704936,
          0.03381472729860854,
          -0.0015970420372050892,
          0.014002871130784092,
          0.0021408504454153822,
          -0.0014284708519723902,
          0.009340397295702116,
          0.009621372279872325,
          0.014134070724445055,
          0.011406615080359297,
          0.006371405425209203,
          0.005806416361185318,
          0.012683784657047732,
          0.01540540949504857,
          0.012972938941863509,
          0.004232196170765005,
          0.005453686880890998,
          0.0102174894280252,
          0.004069555218634385,
          0.003395483238277094,
          0.005940691926951963,
          -0.015864753082465023,
          0.013420815329264403,
          0.0047881583153131565
        ],
        [
          0.00707480394153409,
          -0.0015970420372050892,
          0.019098448605457966,
          0.009463826091994167,
          -0.0019582127232400633,
          7.599820242576704e-05,
          0.0006072664470647793,
          0.0009347754678186212,
          -0.0058091023366024785,
          0.005561008890662299,
          0.002943029097078951,
          0.0051399983292839966,
          -0.016417244582354367,
          0.0010532455500302973,
          -0.0033616212839340607,
          0.002197797956548359,
          0.0023913877717805132,
          0.003122127100249797,
          0.002347166217122982,
          0.01105479641194272,
          0.006264263280374612,
          0.004087208873393974,
          0.012944450750107573,
          -0.03309865506526783
        ],
        [
          0.008739413173976808,
          0.014002871130784092,
          0.009463826091994167,
          0.011692909304205024,
          -0.0002145218375058125,
          -0.000884168405127245,
          0.005430413361733846,
          0.0059400900534549075,
          0.0046101657960302776,
          0.008892113405895945,
          0.00494649890041309,
          0.006016258540173683,
          -0.0013111845286963863,
          0.008245001303953442,
          0.004537153456413625,
          0.003126913335480936,
          0.003727573230613873,
          0.006017478442677821,
          0.003559591066453942,
          0.007529465049141456,
          0.004826789539464123,
          -0.00549976472681919,
          0.01527518966167232,
          -0.012510628570884306
        ],
        [
          0.0001416093668031663,
          0.0021408504454153822,
          -0.0019582127232400633,
          -0.0002145218375058125,
          0.0008881149760274056,
          -1.4736329165881448e-05,
          -0.0010009414987499979,
          -0.0012599730956385554,
          -0.0009624033822214647,
          -0.0011229820046757787,
          -0.0006643572459070552,
          -0.0012015100532905495,
          0.00013659895812665,
          -0.00025840259437716524,
          0.0008732547838949764,
          -0.0007545815242935305,
          -0.0004906895029586763,
          0.0004023405740244502,
          -0.0010500697504813223,
          -0.0009375210705163152,
          -0.00039959372685887393,
          -0.0055486583333882455,
          -0.00490939750720738,
          0.00026117138281654754
        ],
        [
          -0.00043122234042565,
          -0.0014284708519723902,
          7.599820242576704e-05,
          -0.000884168405127245,
          -1.4736329165881448e-05,
          0.004092281823547499,
          0.0018459755661467707,
          0.0030318397790444996,
          0.002871334375044053,
          0.0025092715778011697,
          -0.000442240139550807,
          0.002788436956310342,
          0.005173383622242694,
          -0.0013583843893452013,
          0.0011384319489097028,
          0.0022781566776907576,
          0.0023917494439025604,
          0.0021461017390422728,
          0.002291987980489284,
          0.0017305902277012356,
          -0.0038133468887205607,
          -0.0055751753577284605,
          0.000903000943919621,
          0.0044310330351641225
        ],
        [
          0.0023955578595154744,
          0.009340397295702116,
          0.0006072664470647793,
          0.005430413361733846,
          -0.0010009414987499979,
          0.0018459755661467707,
          0.013125159403059094,
          0.015622358461207466,
          0.01877235135368715,
          0.014046433401811057,
          0.005718455333020265,
          0.012201399452768123,
          0.019900511764852042,
          0.012912688603281899,
          0.00833135330739163,
          0.00725982369729769,
          0.007875704479969999,
          0.009492142652502162,
          0.009203781052332586,
          0.005415117604307332,
          0.0027864082874379287,
          0.012737307167662165,
          0.028426926511982725,
          0.015122127595671296
        ],
        [
          0.0025591170966354276,
          0.009621372279872325,
          0.0009347754678186212,
          0.0059400900534549075,
          -0.0012599730956385554,
          0.0030318397790444996,
          0.015622358461207466,
          0.018904421959492407,
          0.022445389274374276,
          0.016709052132946073,
          0.006341565281861854,
          0.014884629703209347,
          0.024339877260716944,
          0.01451549493040708,
          0.0098101281321047,
          0.00904183117617316,
          0.009731954788803782,
          0.011521136684452279,
          0.011326822745625575,
          0.006663756731809382,
          0.002305478662496894,
          0.01307053793404548,
          0.033834567224462125,
          0.019794773471173775
        ],
        [
          0.001469423590413535,
          0.014134070724445055,
          -0.0058091023366024785,
          0.0046101657960302776,
          -0.0009624033822214647,
          0.002871334375044053,
          0.01877235135368715,
          0.022445389274374276,
          0.030348778243045993,
          0.017460899438293855,
          0.007135937999752234,
          0.015514386225238536,
          0.03739593433972495,
          0.017180301703117882,
          0.01307422930725034,
          0.009455030874787456,
          0.01005252595510499,
          0.011508072377022022,
          0.01223233245668907,
          0.003991218971478778,
          0.0016178026827492803,
          0.010257499781606304,
          0.03457898785089388,
          0.03961391699405547
        ],
        [
          0.004751398102879801,
          0.011406615080359297,
          0.005561008890662299,
          0.008892113405895945,
          -0.0011229820046757787,
          0.0025092715778011697,
          0.014046433401811057,
          0.016709052132946073,
          0.017460899438293855,
          0.017545721837855625,
          0.007036296835727112,
          0.014558921455868462,
          0.01477943308947475,
          0.014238966838378601,
          0.00975038514027484,
          0.008899766863712345,
          0.00981141226101432,
          0.012289253201658377,
          0.010744661565912188,
          0.008857142077249643,
          0.0035166702184664927,
          0.01559903191106728,
          0.032156411374785185,
          0.0015692616080035006
        ],
        [
          0.002863925332519957,
          0.006371405425209203,
          0.002943029097078951,
          0.00494649890041309,
          -0.0006643572459070552,
          -0.000442240139550807,
          0.005718455333020265,
          0.006341565281861854,
          0.007135937999752234,
          0.007036296835727112,
          0.00412913205812217,
          0.005324927353446255,
          0.005665346892711894,
          0.006106296890975839,
          0.004560342948947359,
          0.002694667177878515,
          0.002926172166851345,
          0.0033814110713124533,
          0.0037003564304309462,
          0.0037988920798155117,
          0.0021773106749128175,
          0.006870509681582267,
          0.011370357762688743,
          -0.0016538562351433085
        ],
        [
          0.0028596775216135515,
          0.005806416361185318,
          0.0051399983292839966,
          0.006016258540173683,
          -0.0012015100532905495,
          0.002788436956310342,
          0.012201399452768123,
          0.014884629703209347,
          0.015514386225238536,
          0.014558921455868462,
          0.005324927353446255,
          0.013726278176730866,
          0.014915872673840778,
          0.011522714624971484,
          0.00794912293351498,
          0.007971575952914582,
          0.008875588267308526,
          0.011435306914604959,
          0.009732147480501092,
          0.008543190993520819,
          0.004635704118836246,
          0.014015624660862971,
          0.029160073763499078,
          0.002239619269594085
        ],
        [
          -0.0023882959258948165,
          0.012683784657047732,
          -0.016417244582354367,
          -0.0013111845286963863,
          0.00013659895812665,
          0.005173383622242694,
          0.019900511764852042,
          0.024339877260716944,
          0.03739593433972495,
          0.01477943308947475,
          0.005665346892711894,
          0.014915872673840778,
          0.056291150410731,
          0.014432159321348389,
          0.016900889796789133,
          0.008321250406474523,
          0.008928201623322302,
          0.009683927436074026,
          0.011741272609081635,
          0.00018121084616507766,
          -0.004230789442574628,
          -0.006572880830587869,
          0.023785592348498148,
          0.06633071549302359
        ],
        [
          0.004283720612894216,
          0.01540540949504857,
          0.0010532455500302973,
          0.008245001303953442,
          -0.00025840259437716524,
          -0.0013583843893452013,
          0.012912688603281899,
          0.01451549493040708,
          0.017180301703117882,
          0.014238966838378601,
          0.006106296890975839,
          0.011522714624971484,
          0.014432159321348389,
          0.018399835741842094,
          0.00689571625950838,
          0.0063390337350710604,
          0.0075549137210904425,
          0.01177613923222131,
          0.008065240575798056,
          0.005151670924954201,
          0.009049063160611194,
          0.018938112249502714,
          0.03550333160520047,
          0.007698470831767604
        ],
        [
          0.0023662626932591077,
          0.012972938941863509,
          -0.0033616212839340607,
          0.004537153456413625,
          0.0008732547838949764,
          0.0011384319489097028,
          0.00833135330739163,
          0.0098101281321047,
          0.01307422930725034,
          0.00975038514027484,
          0.004560342948947359,
          0.00794912293351498,
          0.016900889796789133,
          0.00689571625950838,
          0.01759741298497021,
          0.006149501936991042,
          0.006871178585011399,
          0.00967762273808688,
          0.006591923656350128,
          0.00298311726447261,
          0.0012354591757595787,
          -0.0009137406700265602,
          0.0015042035403158261,
          0.005184411815231844
        ],
        [
          0.001298669815249556,
          0.004232196170765005,
          0.002197797956548359,
          0.003126913335480936,
          -0.0007545815242935305,
          0.0022781566776907576,
          0.00725982369729769,
          0.00904183117617316,
          0.009455030874787456,
          0.008899766863712345,
          0.002694667177878515,
          0.007971575952914582,
          0.008321250406474523,
          0.0063390337350710604,
          0.006149501936991042,
          0.006177538737821193,
          0.006528743726635174,
          0.007940999309206291,
          0.006603202823522104,
          0.004089816362326037,
          0.002642305227416625,
          0.010551150927086847,
          0.015451894957922655,
          0.003628777594211796
        ],
        [
          0.0016800916420462728,
          0.005453686880890998,
          0.0023913877717805132,
          0.003727573230613873,
          -0.0004906895029586763,
          0.0023917494439025604,
          0.007875704479969999,
          0.009731954788803782,
          0.01005252595510499,
          0.00981141226101432,
          0.002926172166851345,
          0.008875588267308526,
          0.008928201623322302,
          0.0075549137210904425,
          0.006871178585011399,
          0.006528743726635174,
          0.007162889428042524,
          0.009456786046172781,
          0.006997959110342109,
          0.004860856034766669,
          0.0037701770679181147,
          0.010815944791287793,
          0.016509301798244762,
          0.0019706313201799377
        ],
        [
          0.003219661233660651,
          0.0102174894280252,
          0.003122127100249797,
          0.006017478442677821,
          0.0004023405740244502,
          0.0021461017390422728,
          0.009492142652502162,
          0.011521136684452279,
          0.011508072377022022,
          0.012289253201658377,
          0.0033814110713124533,
          0.011435306914604959,
          0.009683927436074026,
          0.01177613923222131,
          0.00967762273808688,
          0.007940999309206291,
          0.009456786046172781,
          0.015028094392749991,
          0.00823408563041112,
          0.0069904878503380345,
          0.008939370425902994,
          0.011780894182594953,
          0.019994703946377403,
          -0.0033009142694638417
        ],
        [
          0.0012986996123093464,
          0.004069555218634385,
          0.002347166217122982,
          0.003559591066453942,
          -0.0010500697504813223,
          0.002291987980489284,
          0.009203781052332586,
          0.011326822745625575,
          0.01223233245668907,
          0.010744661565912188,
          0.0037003564304309462,
          0.009732147480501092,
          0.011741272609081635,
          0.008065240575798056,
          0.006591923656350128,
          0.006603202823522104,
          0.006997959110342109,
          0.00823408563041112,
          0.007687456123641719,
          0.00490448071153283,
          0.002173370535866337,
          0.012584835689970594,
          0.02055931630569179,
          0.006322152340193642
        ],
        [
          0.005222383358435065,
          0.003395483238277094,
          0.01105479641194272,
          0.007529465049141456,
          -0.0009375210705163152,
          0.0017305902277012356,
          0.005415117604307332,
          0.006663756731809382,
          0.003991218971478778,
          0.008857142077249643,
          0.0037988920798155117,
          0.008543190993520819,
          0.00018121084616507766,
          0.005151670924954201,
          0.00298311726447261,
          0.004089816362326037,
          0.004860856034766669,
          0.0069904878503380345,
          0.00490448071153283,
          0.009776279310021611,
          0.005243216474933185,
          0.0025260474748900266,
          0.015149330256454593,
          -0.016855119972817554
        ],
        [
          0.0026462427193139617,
          0.005940691926951963,
          0.006264263280374612,
          0.004826789539464123,
          -0.00039959372685887393,
          -0.0038133468887205607,
          0.0027864082874379287,
          0.002305478662496894,
          0.0016178026827492803,
          0.0035166702184664927,
          0.0021773106749128175,
          0.004635704118836246,
          -0.004230789442574628,
          0.009049063160611194,
          0.0012354591757595787,
          0.002642305227416625,
          0.0037701770679181147,
          0.008939370425902994,
          0.002173370535866337,
          0.005243216474933185,
          0.020447311412796806,
          0.023989273818817637,
          0.011341575856817655,
          -0.017556394951727138
        ],
        [
          -0.012019950874266407,
          -0.015864753082465023,
          0.004087208873393974,
          -0.00549976472681919,
          -0.0055486583333882455,
          -0.0055751753577284605,
          0.012737307167662165,
          0.01307053793404548,
          0.010257499781606304,
          0.01559903191106728,
          0.006870509681582267,
          0.014015624660862971,
          -0.006572880830587869,
          0.018938112249502714,
          -0.0009137406700265602,
          0.010551150927086847,
          0.010815944791287793,
          0.011780894182594953,
          0.012584835689970594,
          0.0025260474748900266,
          0.023989273818817637,
          0.13635928845260167,
          0.04828283773997595,
          -0.026913785349529255
        ],
        [
          0.007524475647939974,
          0.013420815329264403,
          0.012944450750107573,
          0.01527518966167232,
          -0.00490939750720738,
          0.000903000943919621,
          0.028426926511982725,
          0.033834567224462125,
          0.03457898785089388,
          0.032156411374785185,
          0.011370357762688743,
          0.029160073763499078,
          0.023785592348498148,
          0.03550333160520047,
          0.0015042035403158261,
          0.015451894957922655,
          0.016509301798244762,
          0.019994703946377403,
          0.02055931630569179,
          0.015149330256454593,
          0.011341575856817655,
          0.04828283773997595,
          0.11984560798371163,
          0.009058819161614506
        ],
        [
          -0.00944860004564419,
          0.0047881583153131565,
          -0.03309865506526783,
          -0.012510628570884306,
          0.00026117138281654754,
          0.0044310330351641225,
          0.015122127595671296,
          0.019794773471173775,
          0.03961391699405547,
          0.0015692616080035006,
          -0.0016538562351433085,
          0.002239619269594085,
          0.06633071549302359,
          0.007698470831767604,
          0.005184411815231844,
          0.003628777594211796,
          0.0019706313201799377,
          -0.0033009142694638417,
          0.006322152340193642,
          -0.016855119972817554,
          -0.017556394951727138,
          -0.026913785349529255,
          0.009058819161614506,
          0.14068487835873594
        ]
      ]
    },
    "3y": {
      "assets": [
        {
          "name": "Stk_JP_Topix",
          "return": 0.2793159505385432,
          "risk": 0.1080710941841403
        },
        {
          "name": "Stk_JP_Nikkei",
          "return": 0.30019548600860646,
          "risk": 0.16887144379692665
        },
        {
          "name": "Stk_JP_HighDiv",
          "return": 0.36612470266268016,
          "risk": 0.1374847291954851
        },
        {
          "name": "Stk_JP_JPX400",
          "return": 0.2952767031905863,
          "risk": 0.11076847399232095
        },
        {
          "name": "Bnd_JP",
          "return": -0.039846867464554014,
          "risk": 0.030709326184143744
        },
        {
          "name": "Reit_JP",
          "return": 0.08612056681022962,
          "risk": 0.08259015220714282
        },
        {
          "name": "Stk_AllCountry",
          "return": 0.25458827131472317,
          "risk": 0.12216081499543674
        },
        {
          "name": "Stk_SP500",
          "return": 0.26960901193016995,
          "risk": 0.14313515595312679
        },
        {
          "name": "Stk_Nasdaq",
          "return": 0.3082692734876247,
          "risk": 0.1832689172125504
        },
        {
          "name": "Stk_NYDow",
          "return": 0.2255955056229939,
          "risk": 0.12507379445962546
        },
        {
          "name": "Stk_Kokusai",
          "return": 0.23164805387405463,
          "risk": 0.09501489081262267
        },
        {
          "name": "Stk_US_HighDiv",
          "return": 0.2187862921458512,
          "risk": 0.11696408096768408
        },
        {
          "name": "Stk_FangPlus",
          "return": 0.39068942417524966,
          "risk": 0.25819992584950946
        },
        {
          "name": "Stk_Emerging",
          "return": 0.24733944015531772,
          "risk": 0.13129422465777862
        },
        {
          "name": "Stk_India",
          "return": 0.19305816501790996,
          "risk": 0.15502097684820165
        },
        {
          "name": "Bnd_US_Short",
          "return": 0.09009301914159695,
          "risk": 0.09222614739038511
        },
        {
          "name": "Bnd_US_Agg",
          "return": 0.09002647525573515,
          "risk": 0.07996251338029058
        },
        {
          "name": "Bnd_US_20y",
          "return": 0.024754201864858105,
          "risk": 0.11988519319124653
        },
        {
          "name": "Bnd_US_HighYld",
          "return": 0.13710863257076955,
          "risk": 0.08829340051287782
        },
        {
          "name": "Reit_Global",
          "return": 0.15234200535921394,
          "risk": 0.1099860539049343
        },
        {
          "name": "Cmdty_Gold",
          "return": 0.444512892486578,
          "risk": 0.1448634826591056
        },
        {
          "name": "Cmdty_Silver",
          "return": 0.5595106603391726,
          "risk": 0.2979702976857443
        },
        {
          "name": "Cmdty_Oil",
          "return": 0.10205991366516032,
          "risk": 0.2881022786433421
        },
        {
          "name": "Crypto_BTC",
          "return": 0.4042495726683766,
          "risk": 0.5023687859596417
        }
      ],
      "covarianceMatrix": [
        [
          0.011679361398157326,
          0.015545154768325155,
          0.01117518217300759,
          0.011190007993447913,
          0.0007410323720231217,
          0.0013161382062778855,
          0.008584599294225687,
          0.00930978733576325,
          0.010670485614225527,
          0.007972203420706779,
          0.007439232689272473,
          0.007619704383361859,
          0.012476604161042777,
          0.008354087376535452,
          0.007972795564201446,
          0.004386526680797061,
          0.004504066580779893,
          0.004584214803201063,
          0.0051849175524134,
          0.005305958406724378,
          0.0038676871944682417,
          0.003047729830918655,
          0.012694073977220688,
          0.004271387020989879
        ],
        [
          0.015545154768325155,
          0.02851756453005855,
          0.009001854350732929,
          0.01492220479341989,
          0.002144690194481839,
          0.000888461468476957,
          0.013960233131941769,
          0.015257629799081981,
          0.020052559113303333,
          0.012503255120532892,
          0.010603330336955236,
          0.011113253386015626,
          0.024618940081691756,
          0.014171997889497679,
          0.011416454537804276,
          0.005575046269918229,
          0.006604869927839234,
          0.008990688535059686,
          0.007062253164150637,
          0.007515453844169493,
          0.004879375660904064,
          0.0027496963578332203,
          0.011630077867830508,
          0.013473831733813564
        ],
        [
          0.01117518217300759,
          0.009001854350732929,
          0.01890205076195587,
          0.011202001465598486,
          -0.0008801288531012955,
          0.00047369605928026246,
          0.006662242147635751,
          0.007090360418312812,
          0.005601787779759559,
          0.006867739253774551,
          0.007063698921947008,
          0.0073477827391048,
          0.003706564258941332,
          0.006351318746106624,
          0.007291423990121254,
          0.005656188463020075,
          0.0046732954962077685,
          0.0024833411012389244,
          0.0058156996766198805,
          0.005056444956525096,
          0.0033232821963025505,
          0.0062878108870631985,
          0.020655866954186596,
          -0.008543552229600676
        ],
        [
          0.011190007993447913,
          0.01492220479341989,
          0.011202001465598486,
          0.012269654830587482,
          0.000675881178904507,
          0.0010551145010587338,
          0.008456885039639019,
          0.009034415788814877,
          0.010015936891293705,
          0.007953423420969614,
          0.007629811679787131,
          0.007518497589829457,
          0.010731855016889585,
          0.008838052459059383,
          0.009486255913642303,
          0.004545638818167682,
          0.004855518600994112,
          0.0054266808754361295,
          0.005275527586468648,
          0.0055775769595752325,
          0.004379717168709602,
          0.004895289800774942,
          0.013553880204423382,
          0.0010297159509970624
        ],
        [
          0.0007410323720231217,
          0.002144690194481839,
          -0.0008801288531012955,
          0.000675881178904507,
          0.0009430627146841365,
          0.00030980320215947464,
          0.0005289314837340864,
          0.0005413545800431398,
          0.000898127805475127,
          0.0004894033062951933,
          0.00033594571124940007,
          0.0003688346518531038,
          0.0018207678930095045,
          0.0005357396107002607,
          0.001403983881348384,
          -0.0003534727891956215,
          7.3751283958233e-05,
          0.0010106589598634717,
          -4.449933857643295e-05,
          0.0007696202677876451,
          -0.00045958305097776287,
          -0.0026645835079922176,
          -0.00244431739602016,
          0.0016654754500965764
        ],
        [
          0.0013161382062778855,
          0.000888461468476957,
          0.00047369605928026246,
          0.0010551145010587338,
          0.00030980320215947464,
          0.006821133241599018,
          -7.720556864195994e-05,
          -0.0003647963500152526,
          -0.001376918077244775,
          0.0004131470477118126,
          0.0007421450188659345,
          0.000282714307239998,
          -0.0028696167598562796,
          -0.00046117985673217786,
          -0.0010527506628343947,
          -0.0006780521877365066,
          7.119864006804687e-05,
          0.0005517061776234686,
          -0.0004199783665833253,
          0.0010092581336293464,
          0.00041606093901289185,
          0.0024792763336698147,
          0.0010016171577014012,
          -0.014008267075072151
        ],
        [
          0.008584599294225687,
          0.013960233131941769,
          0.006662242147635751,
          0.008456885039639019,
          0.0005289314837340864,
          -7.720556864195994e-05,
          0.01492326472034932,
          0.017226030413847404,
          0.02042822139558788,
          0.013864985462420671,
          0.009422704535374233,
          0.01343922010228344,
          0.024730562997303272,
          0.012090033628201123,
          0.009164987078854117,
          0.006213163987748124,
          0.007201024808356292,
          0.009504129183801436,
          0.008758097802871859,
          0.00885642125854022,
          0.0024566550788641442,
          0.010716676958510444,
          0.015544713165763457,
          0.02406711050793272
        ],
        [
          0.00930978733576325,
          0.015257629799081981,
          0.007090360418312812,
          0.009034415788814877,
          0.0005413545800431398,
          -0.0003647963500152526,
          0.017226030413847404,
          0.02048767286972593,
          0.024581647216055588,
          0.01639109157257513,
          0.009778298955836998,
          0.015907078401378037,
          0.030527161771235062,
          0.01254273215650423,
          0.010580526161895355,
          0.007908209615782983,
          0.00877257106768976,
          0.010917116962646066,
          0.010645424220352221,
          0.009858944360921065,
          0.001823006263540689,
          0.009368598119919162,
          0.01832156764815096,
          0.03053554196360398
        ],
        [
          0.010670485614225527,
          0.020052559113303333,
          0.005601787779759559,
          0.010015936891293705,
          0.000898127805475127,
          -0.001376918077244775,
          0.02042822139558788,
          0.024581647216055588,
          0.033587496016260654,
          0.017633977558562667,
          0.010472350621004482,
          0.017214807121227863,
          0.0449272984839346,
          0.015342563420909176,
          0.013734303517037858,
          0.010130780068194884,
          0.010716914457168972,
          0.012286080976280828,
          0.012802676464258662,
          0.009612158870389314,
          0.0013611928360585277,
          0.007703962613621435,
          0.018167954738809423,
          0.03387262947022183
        ],
        [
          0.007972203420706779,
          0.012503255120532892,
          0.006867739253774551,
          0.007953423420969614,
          0.0004894033062951933,
          0.0004131470477118126,
          0.013864985462420671,
          0.01639109157257513,
          0.017633977558562667,
          0.015643454060528635,
          0.008236484168884745,
          0.013852964101811013,
          0.019639220191918952,
          0.009501446827375007,
          0.00842372666673559,
          0.005618054786188379,
          0.006937803725986413,
          0.00972625098981923,
          0.008349638764258361,
          0.009497771423404914,
          0.0014315475333461652,
          0.008725399023276192,
          0.015405097719143047,
          0.02451935595204293
        ],
        [
          0.007439232689272473,
          0.010603330336955236,
          0.007063698921947008,
          0.007629811679787131,
          0.00033594571124940007,
          0.0007421450188659345,
          0.009422704535374233,
          0.009778298955836998,
          0.010472350621004482,
          0.008236484168884745,
          0.009027829476134609,
          0.008231622032499636,
          0.010750137385221641,
          0.008787028455950273,
          0.00581277953394219,
          0.0027052300182067624,
          0.003971841004322949,
          0.006512306152778409,
          0.00471188867554859,
          0.006963724699860289,
          0.002838594068472601,
          0.011228908596382118,
          0.007631342436771967,
          0.008023712832543311
        ],
        [
          0.007619704383361859,
          0.011113253386015626,
          0.0073477827391048,
          0.007518497589829457,
          0.0003688346518531038,
          0.000282714307239998,
          0.01343922010228344,
          0.015907078401378037,
          0.017214807121227863,
          0.013852964101811013,
          0.008231622032499636,
          0.013680596236614957,
          0.020087486680245042,
          0.009272133054996417,
          0.00806353939059782,
          0.005936304602930291,
          0.006971794725570032,
          0.00950893336886678,
          0.008383509242258868,
          0.009168001628563958,
          0.002044488478357711,
          0.00794881450322342,
          0.015252256301761427,
          0.021614231723412466
        ],
        [
          0.012476604161042777,
          0.024618940081691756,
          0.003706564258941332,
          0.010731855016889585,
          0.0018207678930095045,
          -0.0028696167598562796,
          0.024730562997303272,
          0.030527161771235062,
          0.0449272984839346,
          0.019639220191918952,
          0.010750137385221641,
          0.020087486680245042,
          0.06666720170869218,
          0.017147640382441626,
          0.018596514173922687,
          0.013392870346912892,
          0.013095034152573213,
          0.012990515728213765,
          0.016098490570057272,
          0.008868513281760061,
          -7.328060588084124e-05,
          -0.0008461649352147064,
          0.017857415474492933,
          0.052540704947218006
        ],
        [
          0.008354087376535452,
          0.014171997889497679,
          0.006351318746106624,
          0.008838052459059383,
          0.0005357396107002607,
          -0.00046117985673217786,
          0.012090033628201123,
          0.01254273215650423,
          0.015342563420909176,
          0.009501446827375007,
          0.008787028455950273,
          0.009272133054996417,
          0.017147640382441626,
          0.017238173428487248,
          0.008424086003226248,
          0.005014305317596194,
          0.005639095046932829,
          0.007801908655145516,
          0.006689868884187069,
          0.006675187007394671,
          0.008020550742414529,
          0.018714446610240205,
          0.018278857189402416,
          0.006768942694717223
        ],
        [
          0.007972795564201446,
          0.011416454537804276,
          0.007291423990121254,
          0.009486255913642303,
          0.001403983881348384,
          -0.0010527506628343947,
          0.009164987078854117,
          0.010580526161895355,
          0.013734303517037858,
          0.00842372666673559,
          0.00581277953394219,
          0.00806353939059782,
          0.018596514173922687,
          0.008424086003226248,
          0.024031503262970676,
          0.007744752363917244,
          0.007051355102211644,
          0.006119227501646738,
          0.007724562556635396,
          0.0034935260514433577,
          0.0020612183153969578,
          0.001996246992545479,
          0.01367179664980778,
          0.00922183162715019
        ],
        [
          0.004386526680797061,
          0.005575046269918229,
          0.005656188463020075,
          0.004545638818167682,
          -0.0003534727891956215,
          -0.0006780521877365066,
          0.006213163987748124,
          0.007908209615782983,
          0.010130780068194884,
          0.005618054786188379,
          0.0027052300182067624,
          0.005936304602930291,
          0.013392870346912892,
          0.005014305317596194,
          0.007744752363917244,
          0.008505662262473037,
          0.006502401078771871,
          0.0033074841002526086,
          0.0073732009476547905,
          0.0003471762407191556,
          0.005249522790632455,
          0.007057105765844958,
          0.01588929634594027,
          0.006610106526865717
        ],
        [
          0.004504066580779893,
          0.006604869927839234,
          0.0046732954962077685,
          0.004855518600994112,
          7.3751283958233e-05,
          7.119864006804687e-05,
          0.007201024808356292,
          0.00877257106768976,
          0.010716914457168972,
          0.006937803725986413,
          0.003971841004322949,
          0.006971794725570032,
          0.013095034152573213,
          0.005639095046932829,
          0.007051355102211644,
          0.006502401078771871,
          0.006394003546093149,
          0.006731685790491382,
          0.006668940480582336,
          0.0036317412120013054,
          0.0037440057435574334,
          0.006800752596362836,
          0.01085776025022329,
          0.0035508223998989893
        ],
        [
          0.004584214803201063,
          0.008990688535059686,
          0.0024833411012389244,
          0.0054266808754361295,
          0.0010106589598634717,
          0.0005517061776234686,
          0.009504129183801436,
          0.010917116962646066,
          0.012286080976280828,
          0.00972625098981923,
          0.006512306152778409,
          0.00950893336886678,
